11.831625937500968 1171.4080549969656 -0.4958845870946072
12.260820089593224 1171.1515552882074 -0.4964129967758567
12.693354251570787 1170.9007296250736 -0.4972409072946446
13.127662166765072 1170.6529881031342 -0.49812017222343646
13.563410804502736 1170.4077904378562 -0.49922906894042973
13.9998569936953 1170.1638370954563 -0.5004499993943795
14.436642240689554 1169.9204916190754 -0.5017255906867558
14.873235155114164 1169.6768014002223 -0.5030310827526105
15.309734126507776 1169.4329430287066 -0.5043511638258619
15.746187237221896 1169.189002624735 -0.5056783631499547
16.183216451521673 1168.9460922310654 -0.5055977663664006
16.62067600249965 1168.7039579345483 -0.5052460445386185
17.058344977003273 1168.462202615078 -0.5047620354658048
17.496305884844585 1168.2209774945336 -0.503934737969042
17.934138382912366 1167.9795202457944 -0.5028856111574932
18.371908151400287 1167.7379497792372 -0.5017282498047795
18.809610040642795 1167.4962555704037 -0.5007456156506509
19.247367669969993 1167.2546611978241 -0.5000997800053588
19.685152415520314 1167.0131155816018 -0.49961827478634
20.1231624130827 1166.7719794815084 -0.49882880207381575
20.561102750639417 1166.5307177418915 -0.4978120731416656
20.999009053846475 1166.2893947257817 -0.4966844618638677
21.43668973717429 1166.0476620420707 -0.49572058034016
21.87448868739625 1165.8061431550416 -0.4948801085577875
22.312345294525432 1165.5647286095168 -0.49409985068939183
22.750294456491034 1165.3234827606732 -0.4931139757703587
23.188166896978576 1165.0820983311667 -0.4919812563662555
23.626001874037094 1164.8406463020524 -0.4907768890146914
24.063638239435807 1164.5988335668612 -0.48977051930726845
24.501287443490806 1164.3570441232443 -0.48875113443613233
24.93893613046196 1164.1152542272464 -0.48762286773069474
25.376584557605188 1163.8734641146862 -0.48644147570271046
25.814161722686467 1163.6315454127223 -0.4851899807837603
26.251695997607225 1163.3895493566158 -0.483898819123447
26.689209339704476 1163.1475155613819 -0.4825883033889739
27.126777275895247 1162.905580537098 -0.48126722708598674
27.564326069921663 1162.6636109293472 -0.4799399098872378
28.001865523137024 1162.4216244482861 -0.4786095476503881
28.43938067981477 1162.1795940522436 -0.4772772305783324
28.876934903720535 1161.93763429122 -0.47594486887287046
29.314508185064465 1161.6957089965356 -0.47461248540260076
29.7520444241829 1161.4537167199383 -0.4732792467310888
30.18929966333952 1161.211213902568 -0.47278996396404616
30.626417129597233 1160.968462353271 -0.4727124636596455
31.063467215242934 1160.7255895318071 -0.47283587887033574
31.49942018907204 1160.4807531686727 -0.47323574962889803
31.934809505048797 1160.2349236479886 -0.4752333215496506
32.36986437536553 1159.9885051348936 -0.47750845180841744
32.80478125648544 1159.7418361257996 -0.4788147709084348
33.23963016725414 1159.4950452631851 -0.47964839749754723
33.67444576152054 1159.248195034549 -0.48025139429668445
34.1092510968277 1159.0013265731438 -0.4807835144138732
34.285958508902695 1158.900997797493 -0.4809997711181637
34.285958508902695 1158.900997797493 -0.4809997711181637
34.72179375150475 1158.6559552331905 -0.4823350561526165
35.157628994106794 1158.4109126688882 -0.48367034118706925
35.59346423670884 1158.1658701045858 -0.485005626221522
36.029299479310886 1157.9208275402834 -0.48634091125597473
36.46513455060538 1157.675785072567 -0.4877479098707224
36.90096953288392 1157.4307426550336 -0.48919076526522454
37.336804469813956 1157.1857002630645 -0.49065154904669445
37.77263938385959 1156.9406578839958 -0.49212129702083585
38.20847428641048 1156.6956155114065 -0.49359552709107624
38.644309183200896 1156.4505731420645 -0.49507199820929126
39.08014423239276 1156.2055306867367 -0.49648797238060416
39.51597935539269 1155.9604881897612 -0.4978736980708305
39.95181451469846 1155.7154456722983 -0.4992442995188951
40.387649692007614 1155.4704031446756 -0.5006073388455772
40.82348487828108 1155.2253606119941 -0.5019665971115387
41.25932006902736 1154.9803180767885 -0.5033239648471549
41.695124434942116 1154.7352210764604 -0.5047434999319247
42.13091338335443 1154.4900968464322 -0.5061941186745774
42.56669462174414 1154.2449590022695 -0.5076602792414078
43.00247200480479 1153.9998143512187 -0.5091342107189331
43.438247460121524 1153.7546662967686 -0.5106120276513678
43.874021951546496 1153.5095165406303 -0.5120917873111043
44.309822548597786 1153.2644128282602 -0.5135094586804375
44.74563619411051 1153.0193321402207 -0.5148960858912701
45.18145636276574 1152.7742629649579 -0.5162671910202196
45.617279792720055 1152.5291995462358 -0.517630535107836
46.053104853255824 1152.2841390058222 -0.5189899986748115
46.48893072906525 1152.0390799045724 -0.5203475219815336
46.924760700215295 1151.7940280339133 -0.5216954588372551
47.3605927189303 1151.5489797786083 -0.5230386024674462
47.79642576140143 1151.3039333309953 -0.5243793494849399
48.23225931574401 1151.0588877872317 -0.5257188981961394
48.66809312602067 1150.8138426953938 -0.5270578477542242
49.10392706426397 1150.568797829519 -0.528396497735769
49.53976709587989 1150.323764476839 -0.529853520521872
49.97561016491057 1150.0787368859687 -0.5313697296776648
50.411453438478944 1149.8337096836422 -0.5328899287402935
50.44295853149379 1149.8159978012554 -0.5329998168945309
50.44295853149379 1149.8159978012554 -0.5329998168945309
50.88394849232565 1149.5803543111151 -0.5329998168945309
51.32493845315752 1149.3447108209748 -0.5329998168945309
51.76592151520665 1149.10905442071 -0.5329998168945309
52.20690457725577 1148.8733980204452 -0.5329998168945309
52.64788763930489 1148.6377416201803 -0.5329998168945309
53.08887070135401 1148.4020852199155 -0.5329998168945309
53.529880535147875 1148.1664789243775 -0.5329998168945309
53.97090375267939 1147.9308976823438 -0.5329998168945309
54.41193366154597 1147.6953289673472 -0.5329998168945309
54.852966915946624 1147.4597665159404 -0.5329998168945309
55.29254779501867 1147.2215056308207 -0.533633359493422
55.73139601168818 1146.9818989956195 -0.5345836718379632
56.16987629055264 1146.7416203743278 -0.5356923634315898
56.60817220220785 1146.5010059882839 -0.5368802418137775
57.04637583200824 1146.2602237793358 -0.5381077123146797
57.48453329693762 1146.0193576749245 -0.5393549782913205
57.92218948150034 1145.777580565793 -0.5403002898650004
58.359594262060455 1145.5353483900335 -0.5410946260752189
58.79687315181784 1145.2928887937564 -0.5418134763476014
59.234109740907904 1145.0503524958644 -0.5423696828611374
59.671325157899425 1144.8077778606955 -0.5428445698338652
60.10852998355672 1144.5651840605528 -0.5432787982189973
60.54567665031405 1144.3224854000034 -0.5436685552193411
60.98279422774729 1144.079734316738 -0.5440360771679362
61.41989725826393 1143.8369570243715 -0.5443924819142019
61.85705196711258 1143.5942730097784 -0.5448716399335364
62.29423249703448 1143.3516356423318 -0.5454121727745641
62.73142593277972 1143.109021600179 -0.5459833921200428
63.16858083203279 1142.8663379266843 -0.5464615952408296
63.605716453779294 1142.623619443996 -0.5468932916038769
64.04284243459973 1142.3808835585864 -0.5473017352696368
64.48025059412379 1142.1386568500116 -0.5478706243310277
64.91779959974726 1141.8966848550715 -0.5485197334909306
65.35541896648952 1141.6548402462195 -0.5492089514106261
65.79307349776842 1141.4130593367481 -0.5499182230792397
66.23102469982557 1141.1718159589952 -0.550532476303193
66.66912397935293 1140.9308414788575 -0.5510992213477606
67.10729723191956 1140.6900014782443 -0.5516422129554055
67.54550745399479 1140.449228724002 -0.5521733281967715
67.9837361562805 1140.208489594067 -0.5526985054366574
68.4219740973903 1139.9677672763016 -0.5532207137679144
68.85934796497071 1139.7254782529722 -0.5535800628663347
69.29628768837215 1139.4824070681836 -0.5538579825110321
69.73300981865341 1139.2389451108763 -0.5540951885529437
70.16962302448897 1138.9952878485874 -0.5543120385155389
70.60618173724686 1138.7515329561202 -0.5545187108269374
71.04271319630138 1138.5077292551234 -0.5547202945122476
71.47883230390376 1138.263188644316 -0.5548371279791742
71.91474477251377 1138.0182798568744 -0.554911587830945
72.35059716914223 1137.7732641747434 -0.5549737413106253
72.52895856491523 1137.6729978015646 -0.5549991760253903
72.52895856491523 1137.6729978015646 -0.5549991760253903
72.98290008500085 1137.4633860262695 -0.5549991760253903
73.43684160508647 1137.2537742509744 -0.5549991760253903
73.8907831251721 1137.0441624756793 -0.5549991760253903
74.34472464525774 1136.8345507003842 -0.5549991760253903
74.79866616534338 1136.624938925089 -0.5549991760253903
75.25260768542903 1136.415327149794 -0.5549991760253903
75.73935927936553 1136.3009910260987 -0.5546295564463571
76.22611087330202 1136.1866549024035 -0.5542599368673239
76.71286246723851 1136.0723187787082 -0.5538903172882905
77.199614061175 1135.957982655013 -0.5535206977092573
77.6927897823588 1135.875656055779 -0.553718418250584
78.18839481157599 1135.809509076609 -0.5542002494544379
78.6850140540986 1135.751466512713 -0.5548237337494472
79.1820895898747 1135.6974717907658 -0.5555178048802064
79.67938031153827 1135.6454967357674 -0.5562470546736612
80.17923860055873 1135.6335953393195 -0.5560287427052959
80.67917108089307 1135.6417828959857 -0.5553366281267749
81.17883974265878 1135.659958934818 -0.5544092330540608
81.67830316168315 1135.6830933869549 -0.5533651158110697
82.17434207547429 1135.7459033354467 -0.5528116039740819
82.66749968921641 1135.8283379964384 -0.5525039103762794
83.15894266133486 1135.920445382958 -0.5523181580670021
83.64946747635587 1136.017323606102 -0.5521927425200537
84.13952124207594 1136.1165571567183 -0.5520971619108253
84.61716550691395 1136.2643926215087 -0.5528919056341668
85.08684783004577 1136.4358481291385 -0.5541265071546478
85.5521791128239 1136.618781708253 -0.5555766452407003
86.01526945627744 1136.8073152954228 -0.5571323794604934
86.47723453285964 1136.998589140793 -0.5587398917249213
86.9386411005779 1137.1912061515854 -0.5603728093186919
87.3997201160678 1137.3846065003122 -0.561936966351549
87.84255806577985 1137.616745324353 -0.5644101561489505
88.27520367539556 1137.8673631213046 -0.5673250028551856
88.70257637564772 1138.126868001536 -0.5704542544061723
89.12730459959955 1138.3906775534288 -0.5736878451095516
89.55132481070001 1138.6556232559049 -0.5769490286026412
89.68795858934755 1138.7409978006035 -0.5779998931884762
89.68795858934755 1138.7409978006035 -0.5779998931884762
90.09266551729591 1139.034608709092 -0.5802218038873247
90.49737244524428 1139.3282196175805 -0.5824437145861733
90.90207937319265 1139.621830526069 -0.5846656252850218
91.27684834681186 1139.9528053625656 -0.586633877935496
91.65161732043107 1140.2837801990622 -0.5886021305859703
92.00317049431656 1140.6393154457871 -0.5908503003483283
92.35472366820206 1140.994850692512 -0.5930984701106862
92.68597382825824 1141.369376770009 -0.5949822794265415
93.00666783075414 1141.7529813448862 -0.5966813663868098
93.32199625107454 1142.1410089302967 -0.5982876972111223
93.61929635036991 1142.54301886082 -0.599104226199586
93.9073567833718 1142.951700900382 -0.5995255076855028
94.19075411233307 1143.3636303891396 -0.5997496273458711
94.45759156103605 1143.7864732542512 -0.6010486246105833
94.71601174968886 1144.2145102166608 -0.6028829931084515
94.97020206831303 1144.6450713259705 -0.6049837233661498
95.21867966267541 1145.0789586860474 -0.6057861355843529
95.46429640575711 1145.5144726251833 -0.6059421364712704
95.70848502769684 1145.9507888974447 -0.6057763805326545
95.9519618120538 1146.387502704492 -0.6054504762991976
96.19551039278657 1146.824173877518 -0.603909219936104
96.43909416970257 1147.26082286422 -0.6017630523018789
96.68269533112523 1147.6974605688915 -0.5993158063432137
96.92630511216207 1148.1340925989314 -0.5967187067013885
97.1699191751946 1148.5707217898819 -0.5940470213450402
97.41353536744958 1149.0073495641107 -0.5913382129004319
97.65599474421069 1149.4446241050634 -0.5892342986738572
97.8978775757416 1149.8822191754134 -0.5874314631303277
98.13947325803456 1150.319973437475 -0.5857784826828284
98.38083127635636 1150.7578610932646 -0.5849371153759513
98.62207074026816 1151.1958146635498 -0.5844997069161492
98.86325113186945 1151.6338009222907 -0.5842633573166786
99.10616229214793 1152.0708291420035 -0.5849728549381028
99.34993316028074 1152.5073773877025 -0.5861531205315701
99.59413148681668 1152.9436859669224 -0.587567693291281
99.83854245830214 1153.3798750686592 -0.5890988835719969
100.08305923957087 1153.8160046572204 -0.590688115885337
100.3276286772588 1154.252104613463 -0.5923062364931053
100.57247338903859 1154.688052314948 -0.5931239671165396
100.81745483887956 1155.123923756279 -0.5935433307746044
101.06250427818973 1155.5597571228454 -0.5937644216885891
101.30763156816325 1155.995546763847 -0.5937419290619069
101.55279758083964 1156.4313145983308 -0.5935982017031886
101.79798286021587 1156.8670715685948 -0.5933941342418656
102.04158164544354 1157.303717394028 -0.593628585542381
102.28438953421804 1157.740803340043 -0.5940812939931654
102.5268034716688 1158.1781077738538 -0.5946426307506836
102.76902125843023 1158.6155208109901 -0.5952580326046073
103.01114140011845 1159.0529878662367 -0.5959003430676098
103.25345601117901 1159.4903475938786 -0.5955874475287799
103.49580555943514 1159.927687806123 -0.5951024587873078
103.54695860884385 1160.0199978007004 -0.595000091552734
103.54695860884385 1160.0199978007004 -0.595000091552734
103.77263584194544 1160.4661700483673 -0.594665619719791
103.99831307504704 1160.9123422960342 -0.594331147886848
104.22399030814863 1161.3585145437012 -0.593996676053905
104.44966754125021 1161.804686791368 -0.593662204220962
104.67540193633081 1162.2508301216021 -0.5933278909919224
104.90116491101172 1162.696958990373 -0.592993657066893
105.12694217514525 1163.1430806277262 -0.592659462794383
105.35272658391817 1163.5891986491988 -0.592325288348261
105.57851456498905 1164.035314862688 -0.5919911238153651
105.80430433220342 1164.481430172175 -0.5916569642390902
106.03004577352367 1164.9275699371794 -0.5913226705616715
106.25576305090364 1165.3737219279797 -0.5909883098351522
106.48146824606535 1165.8198800311868 -0.5906539155844508
106.70716740005595 1166.2660411904749 -0.5903195045717508
106.93286353344558 1166.7122038777725 -0.5899850851780744
107.15855815653086 1167.1583673290672 -0.5896506615939157
107.38432681119892 1167.6044933889648 -0.5894199028017246
107.61013247569048 1168.0506007413687 -0.5892409764129297
107.76455697681311 1168.5261527786129 -0.58741523658317
107.88134423832197 1169.0123150352958 -0.5847702930892125
107.97920590607143 1169.5026351565418 -0.5817251844611542
108.06768517903657 1169.9947336389118 -0.5784845202194171
108.15153472156004 1170.4876414620624 -0.5751480406893017
108.17627950364738 1170.9870131904363 -0.5712018196648151
108.17156793497573 1171.4869731134133 -0.5669737542084178
108.15244439227911 1171.9865882399697 -0.562613085577934
108.12629570186054 1172.4858844184312 -0.5581890418106132
108.0967243549306 1172.9849893090136 -0.5537344220224055
108.03583696164293 1173.481268160502 -0.5538984468561662
107.95974072807574 1173.9754376725277 -0.5563184925322374
107.87626979150699 1174.4684084961684 -0.5598355633840296
107.78922018754307 1174.960755896627 -0.5638857129357399
107.70043272306798 1175.4527906687617 -0.5681949080371067
107.54146676908914 1175.9268415224722 -0.5705642058118671
107.34919116456132 1176.3883912401038 -0.571960650442389
107.1411985820017 1176.8430759995874 -0.5728853630935885
106.89848889907256 1177.280216335179 -0.5723050086063998
106.63960244036433 1177.707973396362 -0.5710018948242119
106.37310653917197 1178.131030387979 -0.5693537165820759
106.10300579586149 1178.5517943385755 -0.5675408896340548
105.77416116010667 1178.9284242003862 -0.5642013196373453
105.4194655319461 1179.2808083587104 -0.5601496130994694
105.0531486043195 1179.6210916343748 -0.5557677370938473
104.68149641788256 1179.9555375623822 -0.5512319289044173
104.30736398675806 1180.2872056060653 -0.5466240247844696
103.93207102820666 1180.6175594305273 -0.5419822659499021
103.55298797001663 1180.9435567172493 -0.5373127859784873
103.17213799870079 1181.267487844602 -0.5326304702392654
102.79046014606648 1181.5904430064359 -0.5279421599491818
102.4083934423103 1181.9129380099005 -0.5232510384179218
102.02614388394109 1182.235216237694 -0.5185585958889221
101.64380829181599 1182.5573923853929 -0.5138655320407588
101.26120748410106 1182.879250906797 -0.5089958158967802
100.87851865156742 1183.20100386857 -0.5040674242315194
100.71795860561542 1183.3359978008084 -0.5019996795654293
100.71795860561542 1183.3359978008084 -0.5019996795654293
100.28806024021381 1183.5913154869795 -0.5014757012561771
99.84791024973516 1183.828524136964 -0.5012701430357296
99.40925792250489 1184.068491055263 -0.5011520855700499
98.97136093236236 1184.309833592962 -0.501077781305973
98.53406736092988 1184.5522674126148 -0.5006588870674202
98.09656282222473 1184.7943201416672 -0.5001539408952612
97.65895293215543 1185.0361822590844 -0.4996059700889083
97.2212552803463 1185.2778847572881 -0.49878868010999877
96.78351381830873 1185.5195074098121 -0.497836734474938
96.34571818240845 1185.7610324080788 -0.4970265499341424
95.90789548173936 1186.0025085688183 -0.49628724394788315
95.4701370605777 1186.2441010399782 -0.4954856324973495
95.0324619700781 1186.4858445931118 -0.49473086462531396
94.59482856469377 1186.7276636734666 -0.49399951790425106
94.15721600650951 1186.9695205134417 -0.49327988142876716
93.71948252772022 1187.2111575924257 -0.4923188366096933
93.28168866993437 1187.4526847501368 -0.4912370912525772
92.84386464342454 1187.6941569378364 -0.49009499743341184
92.40634026124062 1187.9361722681087 -0.4890975468147145
91.96896596323849 1188.1784590147145 -0.48817241635913694
91.53161149179607 1188.4207819800636 -0.4873681939120758
91.09426694404199 1188.6631230483033 -0.4866244236601237
90.65692736065854 1188.9054731662306 -0.4859108785939741
90.21975494680822 1189.1481249445112 -0.48528233615985295
89.78266619794901 1189.390927502519 -0.48469629388480573
89.34560686702595 1189.633782640779 -0.48397305547278896
88.90840193777895 1189.8763757834797 -0.48332733363663843
88.4711242744433 1190.1188378975132 -0.4827203690008278
88.03385176279082 1190.3613098126236 -0.4823726107572589
87.59661876314337 1190.6038527543376 -0.48189780131183946
87.15953783194463 1190.8466700666 -0.48178622984448194
86.72253308366167 1191.0896244760522 -0.48185627185812346
86.28562194661666 1191.3327471903553 -0.4819204269175264
85.84851544619441 1191.5752040819157 -0.49427206743745833
85.41140270779306 1191.817405292278 -0.5107349841376817
85.19195858231978 1191.9389977972023 -0.5189998779296872
85.19195858231978 1191.9389977972023 -0.5189998779296872
84.77253594857503 1192.2111727707681 -0.521331844276013
84.35311331483028 1192.483347744334 -0.5236638106223388
83.93369068108554 1192.7555227178998 -0.5259957769686645
83.51426804734079 1193.0276976914656 -0.5283277433149902
83.09484541359606 1193.2998726650314 -0.5306597096613159
82.67539780264805 1193.5720098474058 -0.5329081845718143
82.25593770877501 1193.8441281305004 -0.5351149137330261
81.83647137485883 1194.116236963035 -0.5373007700123866
81.41700192127595 1194.3883410700591 -0.5394761898491934
80.99753090794846 1194.6604428142707 -0.5416463914643852
80.57805911477087 1194.9325433770616 -0.5438139839687168
80.15857735932765 1195.204627965183 -0.546057587588714
79.73909062661014 1195.4767045634667 -0.5483391967455754
79.31960140622019 1195.748777166206 -0.5506398086650047
78.90011094223524 1196.020847771017 -0.5529499219640301
78.50819288025309 1196.3313275776889 -0.5513617339280583
78.13147134044294 1196.66006505483 -0.5478187738833946
77.76264398498738 1196.9976239431192 -0.5433044849322516
77.39782026662533 1197.3394991984949 -0.5383080579768004
77.08719132360821 1197.7313013109272 -0.5374337275321608
76.80642254728905 1198.1450251701433 -0.5386430907865343
76.5409484193455 1198.568721399095 -0.5408775850550545
76.28310705506786 1198.9971024719575 -0.5436138746307905
76.02903553078106 1199.427728492219 -0.5465956895667445
75.8130399976066 1199.8786648569462 -0.5481203585238521
75.61636578376871 1200.3383588939842 -0.5489240518891998
75.42925748660663 1200.8020293391419 -0.5493750732936009
75.24684263115411 1201.2675663867274 -0.5496540638468004
75.13775116010557 1201.7555188594235 -0.5508521181238533
75.06583897864012 1202.2503177504325 -0.5524939503977081
75.01203632809133 1202.747411143733 -0.55434682141858
74.96696136951279 1203.2453714155677 -0.5563002244351378
74.92608001833392 1203.743693308898 -0.5583016622970105
74.92195794543261 1204.2436759074465 -0.5576616125269821
74.93553392196532 1204.7434879168704 -0.5557516133513173
74.95757742759676 1205.242995421974 -0.5532344314670795
74.98366804784585 1205.742306345786 -0.5504271379139192
75.01169295926992 1206.241511640073 -0.5474812092963544
75.09532982853797 1206.7344498781404 -0.5433863893779094
75.2053673694293 1207.2221693731599 -0.538756727122282
75.32785463256428 1207.7069095731479 -0.533877292177023
75.45622152522222 1208.1901248175936 -0.5288804527164251
75.58737013690458 1208.672591931841 -0.5238281934520194
75.71983624284108 1209.1546987040679 -0.5187497142399514
75.85518247163316 1209.636003373931 -0.5135330946833061
75.99189265638158 1210.1169216884882 -0.5082510392610854
76.12924917367721 1210.5976554593813 -0.5029379724035653
76.26691205923959 1211.0783014255903 -0.49761020499866326
76.40472018788412 1211.558905691346 -0.4922754681757639
76.54259717822781 1212.0394901697161 -0.4869374270171564
76.68052001048608 1212.5200629516332 -0.48173227358602466
76.81846457456642 1213.0006301743829 -0.47659012818828767
76.9564168140414 1213.4811954315016 -0.4714702381338608
77.02295856975252 1213.7129978006706 -0.4690006408691403
77.02295856975252 1213.7129978006706 -0.4690006408691403
77.26604124627883 1214.149931219366 -0.4690006408691403
77.50912392280517 1214.5868646380613 -0.4690006408691403
77.75152646093429 1215.0241757510103 -0.4690006408691403
77.9939289990634 1215.4614868639592 -0.4690006408691403
78.23633153719251 1215.898797976908 -0.4690006408691403
78.47931376490237 1216.3357870737766 -0.4694083603646084
78.72201703050224 1216.7729312968063 -0.4696388789987939
78.96458076647788 1217.210152995546 -0.4697807971267287
79.20707472553049 1217.6474134102805 -0.46987841500256367
79.4495607538605 1218.08467823065 -0.46993256234445535
79.6920428161133 1218.521945252543 -0.4699649744267126
79.93467671879702 1218.9591279832503 -0.4701868747912513
80.17738651763689 1219.3962685250483 -0.47050351925697376
80.41993980709793 1219.8334960033235 -0.4706879446945992
80.66241482387824 1220.270766917333 -0.4708062606306607
80.90485069983707 1220.7080595410744 -0.4708915218331812
81.14749497369317 1221.1452365693906 -0.4709392449531674
81.39024342526214 1221.5823557618571 -0.47096819903718895
81.6328063466807 1222.0195779352798 -0.4709830453951254
81.87527648663227 1222.4568515694853 -0.470990837893826
82.11770023177802 1222.8941509266438 -0.4709951034658015
82.36038551824808 1223.3313051638395 -0.47115205182292486
82.60320153424419 1223.7683867671492 -0.4713853414978034
82.84608290466457 1224.20543203507 -0.47165680178087843
83.08868062554296 1224.642634876189 -0.47180357416749125
83.33113647780834 1225.0799164245925 -0.47188800263588926
83.5735213848786 1225.5172373067699 -0.4719412591842593
83.81606353311444 1225.9544709675083 -0.47212083213294487
84.05868428425464 1226.3916609859189 -0.47236356317993555
84.30134433239097 1226.8288291752835 -0.4726378732213516
84.54393763874786 1227.2660344650096 -0.47278736041508135
84.78649756647702 1227.7032582908446 -0.4728744362800667
85.0290408029728 1228.140491381208 -0.47293030653251966
85.26990597512624 1228.5784969695453 -0.48455241601190346
85.51014105455582 1229.0167198064544 -0.5002957264260868
85.6429585806909 1229.2589978002943 -0.5089996490478512
85.6429585806909 1229.2589978002943 -0.5089996490478512
85.88951122821815 1229.6939823281368 -0.5095021775105998
86.13606387574539 1230.1289668559793 -0.5100047059733482
86.38261652327262 1230.5639513838219 -0.5105072344360967
86.62916917079984 1230.9989359116644 -0.5110097628988453
86.87572181838145 1231.4339204394762 -0.5115122913617131
87.12227446599027 1231.8689049672726 -0.5120148198246407
87.3688271136127 1232.3038894950612 -0.5125173482875981
87.61537976124193 1232.738874022846 -0.5130198767505705
87.86193240887455 1233.173858550629 -0.5135224052135503
88.1084850565089 1233.6088430784107 -0.5140249336765339
88.35503770410021 1234.043827606217 -0.514527462139414
88.60159035167005 1234.4788121340355 -0.5150299906022425
88.84814299922913 1234.91379666186 -0.515532519065045
89.09469564678282 1235.3487811896875 -0.5160350475278347
89.34124829433382 1235.7837657175166 -0.5165375759906178
89.58780094188349 1236.2187502453467 -0.5170401044533978
89.8343535894814 1236.6537347731492 -0.5175426329162822
90.0809062371034 1237.088719300938 -0.5180451613792189
90.32745888473747 1237.52370382872 -0.5185476898421817
90.57401153237755 1237.9586883564987 -0.5190502183051575
90.82056418002067 1238.3936728842757 -0.5195527467681399
91.0671168276653 1238.8286574120518 -0.5200552752311256
91.31372469646487 1239.2636106354537 -0.5205577675287691
91.56036017435169 1239.6985482040393 -0.5210602417407042
91.80700945640936 1240.1334779445597 -0.521562706909026
92.05366564045922 1240.5684037708834 -0.5220651675553512
92.30032527548187 1241.0033276400675 -0.5225676259406308
92.54698663598506 1241.4382505306717 -0.5230700831953757
92.79360054242736 1241.8732003309879 -0.5235724317639319
93.04019072073832 1242.3081635842186 -0.5240747259871512
93.28676903470864 1242.743133563421 -0.524576993037142
93.53334141643994 1243.1781069054878 -0.5250792465003786
93.77991083203456 1243.6130819289565 -0.5255814931702032
94.0264787645566 1244.0480577931185 -0.5260837364433132
94.2730398905608 1244.4830375153695 -0.5265861048313324
94.51959761328351 1244.9180191666248 -0.5270885357767588
94.76615363435982 1245.3530017823725 -0.5275909980008769
95.01270880461155 1245.7879848803639 -0.5280934758643375
95.25926354945065 1246.2229682194763 -0.5285959615474686
95.50581808158334 1246.6579516791494 -0.5290984511404346
95.7524034899504 1247.0929176362106 -0.529601022770639
95.99900433596842 1247.5278748411442 -0.5301036354185124
96.2456129006953 1247.9628276698088 -0.5306062685749823
96.49222532474741 1248.3977783102873 -0.531108911985691
96.73883967845478 1248.83272785666 -0.5316115605235041
96.98545499698794 1249.2676768559768 -0.5321142116248656
97.23204258140804 1249.7026415793812 -0.5326168084926511
97.47861629839593 1250.137614164166 -0.5331193782428829
97.7251830815739 1250.5725906794753 -0.5336219344341466
97.9717463978235 1251.0075691600052 -0.5341244838458786
98.21830798060309 1251.442548623135 -0.5346270298678328
98.4648686966462 1251.8775285775623 -0.5351295741948952
98.71141035091344 1252.3125192942807 -0.5356672357891848
98.95794247365964 1252.7475153910273 -0.5362224560153449
99.20447193524778 1253.1825129896781 -0.5367825783942338
99.29995859932387 1253.3509978000075 -0.5369995269775387
99.29995859932387 1253.3509978000075 -0.5369995269775387
99.54282366347584 1253.7880509785039 -0.5359604020469564
99.7856887276278 1254.2251041570003 -0.534921277116374
100.02855379177974 1254.6621573354967 -0.5338821521857918
100.27141885593169 1255.099210513993 -0.5328430272552096
100.51430984156119 1255.5362492874046 -0.5318039724782423
100.75721378760909 1255.9732808576973 -0.5307649527794532
101.0001242137861 1256.4103088262864 -0.5297259506200958
101.24303788000762 1256.8473349939875 -0.5286869572305397
101.48595316624636 1257.2843602612356 -0.527647968225906
101.72886926249245 1257.7213850782553 -0.5266089814137388
101.97002494792417 1258.159382528361 -0.525136200061628
102.21029888731091 1258.5978635188972 -0.5234465284966635
102.45013157481222 1259.0365855821608 -0.5216484151390842
102.6897435433796 1259.4754280064792 -0.5197960821368968
102.9292451299156 1259.914330567127 -0.5179166397930167
103.1685481845416 1260.3533407549342 -0.5158910415651017
103.40775194834077 1260.7924047080742 -0.5137923664261282
103.64690606080093 1261.2314955316613 -0.5116571533043618
103.88603534625356 1261.6705997873394 -0.509503671414856
104.12515221793926 1262.1097107582414 -0.507341055249878
104.36624570171186 1262.5477407836609 -0.5054360845417142
104.60832563340331 1262.9852269571834 -0.5036599514324416
104.85089831314625 1263.4224403662688 -0.5019482393527136
105.0937172441964 1263.859517185602 -0.5002687378551031
105.33678717323059 1264.2964542707323 -0.49853864037777923
105.57998256710802 1264.7333214347382 -0.49678324576177507
105.8232406840642 1265.1701536251267 -0.49501520295178236
106.06653015982523 1265.6069683256653 -0.4932408362190865
106.30983531410612 1266.0437742806298 -0.49146330760873463
106.55280875840324 1266.4807676241057 -0.4906129406079853
106.79561598530843 1266.9178540010976 -0.49022614510286194
107.03834001425997 1267.354986728927 -0.49007112929357965
107.28102242252662 1267.792142590362 -0.4900320001352551
107.52359396364089 1268.2293599814811 -0.49001344187559726
107.76611006672668 1268.6666081257604 -0.49000516877789485
108.00859845007521 1269.103871643483 -0.490002038116978
108.24746563960477 1269.5431237916137 -0.4901290377113216
108.48451608418894 1269.9833590126427 -0.49032110013116253
108.72065668450026 1270.4240829244554 -0.49054569105590695
108.95559571305266 1270.8654485116258 -0.4908127577927019
109.18993334226595 1271.3071336850428 -0.49110106024154887
109.42397013132695 1271.7489783319643 -0.49139997954433634
109.65785867471187 1272.190901466419 -0.4917041290774003
109.88495861337287 1272.6199978012592 -0.4919994506835934
109.88495861337287 1272.6199978012592 -0.4919994506835934
110.11817592304263 1273.0622756398068 -0.4919994506835934
110.35139323271237 1273.5045534783544 -0.4919994506835934
110.58461053382611 1273.946831300782 -0.4921345432509139
110.81782782427751 1274.389109103042 -0.49233718210127825
111.05104510780171 1274.8313868921916 -0.49257359409093027
111.28175576585431 1275.274977446209 -0.4924611333438148
111.51121027278664 1275.7192189874197 -0.49217423406315675
111.74003601179788 1276.1637846644603 -0.49180011736923773
111.96854719848534 1276.608512067557 -0.4913823930866468
112.19690106879415 1277.0533202472598 -0.4909428655486431
112.42517627173483 1277.4981687932125 -0.4904924366388978
112.65269513840819 1277.9434048710164 -0.4905105874981951
112.87983552286575 1278.3888340820301 -0.4907630236796023
113.10678659035639 1278.8343597001247 -0.4911325997370863
113.33364298159255 1279.2799334812737 -0.4915607442986656
113.56045203083815 1279.725531333535 -0.49201817239552403
113.78723740841025 1280.1711412186025 -0.4924902419030126
114.01370755125316 1280.6169105636604 -0.49347279332872906
114.24001994948284 1281.0627593791726 -0.49471057920724726
114.46625344465416 1281.5086478644982 -0.4960759789736301
114.69244748111494 1281.954556168124 -0.49750518403100885
114.91862178667539 1282.4004743766232 -0.4989662909162168
115.14478622652416 1282.8463975364268 -0.5004433483092983
115.37100699027079 1283.2922913688749 -0.5021333881366664
115.59725589849819 1283.7381705049781 -0.5039299163795296
115.8196726359525 1284.1859758427836 -0.5050135828911468
116.04016693911137 1284.6347316042607 -0.5057407800100678
116.25969851148749 1285.0839593720643 -0.5062897464346305
116.47874836301936 1285.533422330578 -0.5067496027494766
116.69755727499462 1285.983002676637 -0.5071649071146463
116.9162457020509 1286.4326416622678 -0.5075579371388014
117.13383546176443 1286.882813512143 -0.5076031887749674
117.3508754011509 1287.3332506866377 -0.5074745635840874
117.56764032065021 1287.7838202408795 -0.5072590068381262
117.78416192854354 1288.2345068062366 -0.5071444559923031
118.00056186335742 1288.6852518163143 -0.5070804040806394
118.2169009597647 1289.1360260323693 -0.5070415996149892
118.43274690836257 1289.587036532429 -0.506806419216388
118.64834619334047 1290.038164936753 -0.5064730587648485
118.86307137803246 1290.489709907322 -0.5059886904239759
119.07735923766954 1290.941462494213 -0.5054288247760533
119.2914283756414 1291.3933187180598 -0.5048312137863438
119.50531632810676 1291.845260468858 -0.5040581189247322
119.71911367261905 1292.2972449314807 -0.5031972895283323
119.93286571126048 1292.749250736208 -0.5022925965586338
120.14494311086285 1293.2020448769958 -0.5014909444755651
120.35618216080489 1293.6552308223677 -0.5007408130939661
120.56700180086725 1294.1086120688356 -0.5000164407496539
120.77729406664432 1294.562237964527 -0.4991739964273357
120.98732255852144 1295.0159859341572 -0.4982725219871198
121.19721914804242 1295.4697948752012 -0.49734153536008424
121.40668934332943 1295.9238006022238 -0.49632314591769056
121.61594628967369 1296.3779045576998 -0.4952610594869459
121.82509660367324 1296.8320575839405 -0.49417712670739145
122.034193602054 1297.2862351335407 -0.493082271806178
122.23994732083369 1297.7419380066037 -0.4925357459942758
122.44402523959131 1298.1983940602302 -0.49226337964122696
122.64726429710906 1298.6552242991515 -0.4921280788945157
122.8500837142474 1299.1122410161024 -0.49206130244424817
123.05269327290655 1299.5693508121935 -0.4920287837089781
123.25519789968538 1300.026507104829 -0.4920133915924114
123.4543930139418 1300.485115098675 -0.492133546182175
123.65192962754705 1300.944439875899 -0.49232146509642705
123.84863614605226 1301.4041207395255 -0.4925432601994018
124.04424462482277 1301.8642699580935 -0.49268356092741133
124.23930375261303 1302.3246523282528 -0.4927831207626125
124.43408814623277 1302.7851510076546 -0.49286231350840926
124.62873516983468 1303.2457077701067 -0.4929313244179292
124.82199372313084 1303.706848873792 -0.49304993997721963
125.01455749642193 1304.168280529239 -0.49319335340019527
125.20677377563693 1304.6298570426447 -0.49334916349561125
125.39881629724536 1305.0915058741691 -0.4935111708120083
125.5907719450529 1305.553190833871 -0.4936762761876324
125.77838888305648 1306.0166558622566 -0.4939043937185524
125.96383053772847 1306.4809955281414 -0.49416400601003246
126.1481832454357 1306.9457685946384 -0.4944393603044329
126.33090840179129 1307.4111839237348 -0.49473714684904485
126.51281912689868 1307.876918174795 -0.49504614562354304
126.69432252427785 1308.3428113146508 -0.4953607488284433
126.8756222546779 1308.8087837462508 -0.4956781534852365
127.05722272333273 1309.2746391574117 -0.49575349610092173
127.2389734805988 1309.7404359587622 -0.4957078368166201
127.42079935294936 1310.2062034338794 -0.49560169118921377
127.602662771 1310.671956242325 -0.495465309696925
127.78454495667306 1311.1377017174332 -0.49531381392495316
127.96659632280732 1311.6033809898724 -0.49497424192277545
128.1487322400837 1312.069027121221 -0.49454065454347435
128.33091041804704 1312.534656674099 -0.4940600708480065
128.51310972007917 1313.0002779367646 -0.4935559946783559
128.688609673132 1313.4684656729266 -0.49345506942144324
128.86074673998343 1313.937900247802 -0.49355570469962046
129.03119955914474 1314.407948964304 -0.49375708677409275
129.2005530026458 1314.8783947460586 -0.49417851727154216
129.3693566045564 1315.3490379884222 -0.49470992996639507
129.53788530048547 1315.8197796742795 -0.49529631262486395
129.70261654636303 1316.2918637754362 -0.49576328869940833
129.86544570335195 1316.7646073631831 -0.49617057043920076
130.02732320924588 1317.237677686308 -0.4965480145726695
130.18865667847234 1317.7109336994245 -0.49705571177577823
130.34971816032163 1318.1842822717992 -0.49762850771949324
130.5106436851974 1318.6576770425957 -0.4982338391561869
130.6712083619529 1319.1311945786604 -0.4985910750743123
130.82824881180338 1319.6058925763946 -0.4989197966247947
130.9835245837178 1320.0811707431237 -0.49923425974959773
131.1379176050594 1320.55673640684 -0.499541595199478
131.2914240522889 1321.0325890521074 -0.4997166692180191
131.4444872120472 1321.5085844903729 -0.49982564263796525
131.59732877978027 1321.9846511342434 -0.4999015810036996
131.74775335333538 1322.4614870028615 -0.49994707796967097
131.89323076756568 1322.9398553880521 -0.5000470729893988
132.03622976412177 1323.4189704794412 -0.5001743018595749
132.17798875151018 1323.8984539198846 -0.5003151393883116
132.3191277130161 1324.3781202328023 -0.5004627772242952
132.45995674232867 1324.8578776315894 -0.500613813266099
132.60063086832312 1325.337680473336 -0.5007665474573083
132.74101013695125 1325.8175696513563 -0.5009608625749551
132.88124203739582 1326.297501904734 -0.5011759567438683
133.02140028907664 1326.777455666721 -0.5014014347379561
133.16152173529676 1327.2574201728064 -0.5016321017973248
133.2986711446654 1327.738242407608 -0.5017663790407338
133.43433334546341 1328.2194863788538 -0.5018524847097492
133.5692518729227 1328.7009393745866 -0.5019145178004973
133.70348848202508 1329.1825829184304 -0.5020861285171824
133.83738422365835 1329.664321311264 -0.5023124965815248
133.9711096036399 1330.1461070088199 -0.5025662275641614
134.1041654858721 1330.628078058124 -0.5027658174379106
134.22284771064335 1331.1137883912593 -0.5027232850048847
134.33430400807293 1331.6012075814908 -0.5025597084841315
134.44214130962234 1332.0894401758599 -0.5023356766522725
134.5472390697297 1332.5782696897018 -0.5019267542037661
134.65096737063047 1333.06739154398 -0.5014254961845579
134.75401143387884 1333.5566579554725 -0.500878125656731
134.85260899081055 1334.0468397542886 -0.5003072697373866
134.94898274947255 1334.5374636012998 -0.49972470193983315
135.03510831020728 1335.0299900868567 -0.49950376530384666
135.11610063455376 1335.523386724235 -0.4994635074513409
135.1945265821548 1336.0171977895698 -0.4995134662877894
135.2716704477082 1336.5112107600296 -0.49960846614609355
135.3481740437732 1337.0053232836374 -0.4997259523282
135.4243579416081 1337.4994851975318 -0.4998546645771308
135.49268161637596 1337.9947950712215 -0.49992168513672186
135.5570740652601 1338.4906313458278 -0.4999578954397966
135.61950253559613 1338.986718722867 -0.4999787244551902
135.68065655436462 1339.4829648169334 -0.4999893154039616
135.74117426511833 1339.9792889113064 -0.49999479587882195
135.80137432026865 1340.475651634878 -0.4999977254152336
135.85459094773822 1340.9728115505493 -0.5000915898845669
135.90431738203932 1341.4703326680308 -0.5002308438230053
135.95230086373036 1341.9680249015157 -0.5003927501308356
135.9994142185788 1342.465800254253 -0.5005659614790758
136.0460932449372 1342.9636165220766 -0.5007448149010018
136.08730164439578 1343.4619153285325 -0.5011538364342756
136.1257776315656 1343.9604324535685 -0.5016777230750296
136.1628895183593 1344.4590529205145 -0.5022589296306126
136.1993205382838 1344.9577235622392 -0.5028687404155817
136.23541174437997 1345.4564188954437 -0.5034928257894201
136.2713333595303 1345.9551264642053 -0.5041240348124149
136.3068453627953 1346.4538630169118 -0.5049892622061914
136.33780572944562 1346.952903344398 -0.5054444975645638
136.3664935060607 1347.452079614538 -0.5056951009420143
136.39404695251196 1347.951319822796 -0.5058435834857643
136.420851049514 1348.4506008405695 -0.5059189158279959
136.44728118003187 1348.949901798603 -0.5059577443682374
136.47352468694868 1349.4492126015302 -0.5059783566511924
136.4991070304005 1349.948557702743 -0.5058617452675891
136.52435942021512 1350.4479195780907 -0.5056766561222643
136.54944715138413 1350.9472897390629 -0.5054573950530244
136.5731630266943 1351.4467269622294 -0.5053255847882007
136.59619424478757 1351.946196235778 -0.5052374150116614
136.61888378824347 1352.4456811506752 -0.5051710228209917
136.64140282517624 1352.945173783146 -0.5051154980966058
136.663836774968 1353.4446702449818 -0.5050653964570646
136.68624878458323 1353.9441676918752 -0.5050166931825631
136.69395864993567 1354.1159978010692 -0.5049999389648434